#         t          x          y          z         vx         vy         vz
      0.000    -98.600   -119.990   -127.780    -28.430    173.920     93.230
      0.100   -101.050   -102.234   -118.017    -20.564    181.205    102.032
      0.200   -102.616    -83.743   -107.317    -10.757    188.615    111.964
      0.300   -103.072    -64.518    -95.559      1.625    195.888    123.205
      0.400   -102.118    -44.598    -82.603     17.458    202.501    135.904
      0.500    -99.350    -24.101    -68.305     37.904    207.447    150.066
      0.600    -94.238     -3.286    -52.538     64.336    208.852    165.268
      0.700    -86.131     17.330    -35.272     97.796    203.471    180.063
      0.800    -74.376     36.841    -16.714    137.308    186.736    191.086
      0.900    -58.655     53.941      2.496    177.108    155.268    193.110
      1.000    -39.454     67.334     21.237    206.915    112.599    181.715
      1.100    -18.070     76.390     38.371    220.765     68.513    160.970
      1.200      4.015     81.335     53.259    220.948     30.387    136.787
      1.300     25.695     82.866     65.758    212.639      0.243    113.191
      1.400     46.323     81.740     76.007    199.919    -22.769     91.799
      1.500     65.579     78.593     84.243    185.205    -40.176     72.916
      1.600     83.328     73.917     90.707    169.774    -53.342     56.353
      1.700     99.530     68.085     95.613    154.264    -63.305     41.783
      1.800    114.191     61.378     99.147    138.975    -70.821     28.887
      1.900    127.342     54.016    101.461    124.034    -76.429     17.388
      2.000    139.017     46.169    102.683    109.476    -80.517      7.059
      2.100    149.256     37.974    102.922     95.294    -83.365     -2.283
      2.200    158.094     29.547    102.269     81.458    -85.177    -10.783
      2.300    165.563     20.983    100.801     67.926    -86.104    -18.559
      2.400    171.692     12.365     98.588     54.655    -86.254    -25.705
      2.500    176.505      3.767     95.688     41.599    -85.711    -32.295
      2.600    180.020     -4.745     92.154     28.712    -84.534    -38.394
      2.700    182.253    -13.110     88.031     15.946    -82.766    -44.053
      2.800    183.213    -21.270     83.363      3.247    -80.435    -49.319
      2.900    182.903    -29.170     78.185     -9.441    -77.552    -54.229
      3.000    181.322    -36.753     72.533    -22.187    -74.112    -58.817
      3.100    178.459    -43.963     66.437    -35.066    -70.094    -63.109
      3.200    174.297    -50.740     59.925    -48.168    -65.447    -67.121
      3.300    168.809    -57.017     53.026    -61.593    -60.097    -70.858
      3.400    161.957    -62.719     45.768    -75.459    -53.929    -74.311
      3.500    153.689    -67.754     38.180    -89.896    -46.784    -77.449
      3.600    143.941    -72.015     30.297   -105.060    -38.435    -80.210
      3.700    132.632    -75.365     22.162   -121.127    -28.566    -82.489
      3.800    119.660    -77.629     13.833   -138.300    -16.718    -84.102
      3.900    104.905    -78.576      5.390   -156.800     -2.217    -84.744
      4.000     88.224    -77.889     -3.039   -176.829     15.962    -83.841
      4.100     69.463    -75.121    -11.235   -198.391     39.393    -80.085
      4.200     48.499    -69.621    -18.827   -220.893     70.604    -71.741
      4.300     25.370    -60.417    -25.155   -241.672    113.491    -54.821
      4.400      0.726    -46.138    -28.973   -251.215    172.076    -21.535
      4.500    -23.012    -25.656    -28.229   -223.553    237.574     36.399
      4.600    -41.311     -0.624    -21.567   -142.412    263.069     96.852
      4.700    -51.422     24.371    -10.530    -59.816    236.824    123.886
      4.800    -54.529     45.934      1.999     -2.314    194.428    126.686
      4.900    -52.877     63.261     14.223     35.335    152.127    117.801
      5.000    -48.091     76.526     25.354     60.394    113.164    104.820
      5.100    -41.208     86.058     35.089     77.266     77.477     89.885
      5.200    -32.925     92.153     43.273     88.388     44.427     73.792
      5.300    -23.750     95.043     49.803     95.123     13.378     56.804
      5.400    -14.081     94.901     54.591     98.244    -16.221     38.947
      5.500     -4.261     91.845     57.542     98.174    -44.898     20.084
      5.600      5.399     85.938     58.540     95.018    -73.259     -0.131
      5.700     14.571     77.174     57.416     88.417   -102.016    -22.353
      5.800     22.854     65.476     53.915     77.244   -131.934    -47.658
      5.900     29.665     50.696     47.644     58.982   -163.675    -77.774
      6.000     34.015     32.654     37.978     28.019   -197.158   -115.538
      6.100     33.942     11.403     23.941    -29.484   -227.856   -165.202
      6.200     25.132    -11.113      4.534   -146.703   -222.484   -222.946
      6.300      5.421    -26.847    -15.283   -247.519    -92.196   -173.384
      6.400    -18.051    -31.449    -28.821   -221.926      0.174    -97.388
      6.500    -37.744    -29.063    -35.819   -171.932     47.538    -42.559
      6.600    -52.324    -23.033    -38.047   -119.669     73.054     -1.997
      6.700    -61.690    -15.073    -36.654    -67.648     86.152     29.839
      6.800    -65.834     -6.240    -32.373    -15.242     90.505     55.798
      6.900    -64.642      2.661    -25.705     39.083     87.530     77.557
      7.000    -57.747     10.869    -17.014     98.824     76.620     96.271
      7.100    -44.262     17.314     -6.635    170.859     52.272    111.302
      7.200    -22.309     19.572      4.598    268.206     -7.103    113.349
      7.300      8.598     10.500     10.808    349.940   -174.335     10.866
      7.400     35.740     -7.392      8.078    192.893   -183.514    -65.484
      7.500     50.267    -23.860      1.026     97.649   -145.830    -75.554
      7.600     56.812    -36.484     -6.211     33.264   -106.659    -69.180
      7.700     57.674    -45.223    -12.561    -16.044    -68.122    -57.829
      7.800     54.042    -50.080    -17.596    -56.593    -29.015    -42.865
      7.900     46.642    -50.950    -20.971    -91.400     11.610    -24.638
      8.000     35.861    -47.546    -22.324   -124.212     56.472     -2.414
      8.100     21.765    -39.068    -21.012   -157.715    113.087     28.660
      8.200      4.374    -23.370    -15.343   -190.098    200.880     84.706
      8.300    -11.956      7.205      2.790   -136.501    410.615    277.960
      8.400    -22.359     43.331     27.384    -71.571    311.901    213.914
      8.500    -28.488     72.086     47.165    -50.998    263.211    181.707
      8.600    -33.043     96.851     64.294    -40.118    232.074    160.874
      8.700    -36.706    118.931     79.622    -33.129    209.538    145.688
      8.800    -39.770    139.009     93.598    -28.148    192.018    133.824
      8.900    -42.395    157.497    106.495    -24.358    177.750    124.126
      9.000    -44.680    174.672    118.498    -21.343    165.743    115.941
      9.100    -46.690    190.729    129.739    -18.866    155.391    108.868
      9.200    -48.473    205.813    140.314    -16.780    146.298    102.641
      9.300    -50.061    220.038    150.300    -14.989    138.189     97.079
      9.400    -51.482    233.490    159.757    -13.426    130.870     92.050
      9.500    -52.756    246.244    168.732    -12.046    124.196     87.460
      9.600    -53.899    258.357    177.267    -10.812    118.060     83.233
      9.700    -54.924    269.878    185.394     -9.701    112.375     79.313
      9.800    -55.844    280.851    193.142     -8.691    107.075     75.654
      9.900    -56.667    291.310    200.536     -7.766    102.107     72.222
     10.000    -57.401    301.287    207.597     -6.916     97.427     68.985
     10.100    -58.053    310.808    214.342     -6.129     92.999     65.920
